 93.415873 	 7432.388373
 93.515873 	 7435.340136
 93.615873 	 7438.250971
 93.715873 	 7441.120659
 93.815873 	 7443.948990
 93.915873 	 7446.735754
 94.015873 	 7449.480746
 94.115873 	 7452.183763
 94.215873 	 7454.844608
 94.315873 	 7457.463085
 94.415873 	 7460.039004
 94.515873 	 7462.572175
 94.615873 	 7465.062416
 94.715873 	 7467.509543
 94.815873 	 7469.913381
 94.915873 	 7472.273753
 95.015873 	 7474.590490
 95.115873 	 7476.863422
 95.215873 	 7479.092385
 95.315873 	 7481.277219
 95.415873 	 7483.417763
 95.515873 	 7485.513864
 95.615873 	 7487.565368
 95.715873 	 7489.572127
 95.815873 	 7491.533996
 95.915873 	 7493.450830
 96.015873 	 7495.322491
 96.115873 	 7497.148841
 96.215873 	 7498.929746
 96.315873 	 7500.665075
 96.415873 	 7502.354701
 96.515873 	 7503.998497
 96.615873 	 7505.596341
 96.715873 	 7507.148115
 96.815873 	 7508.653700
 96.915873 	 7510.112983
 97.015873 	 7511.525853
 97.115873 	 7512.892201
 97.215873 	 7514.211922
 97.315873 	 7515.484911
 97.415873 	 7516.711069
 97.515873 	 7517.890298
 97.615873 	 7519.022503
 97.715873 	 7520.107590
 97.815873 	 7521.145470
 97.915873 	 7522.136056
 98.015873 	 7523.079261
 98.115873 	 7523.975004
 98.215873 	 7524.823204
 98.315873 	 7525.623783
 98.415873 	 7526.376667
 98.515873 	 7527.081783
 98.615873 	 7527.739060
 98.715873 	 7528.348430
 98.815873 	 7528.909827
 98.915873 	 7529.423188
 99.015873 	 7529.888451
 99.115873 	 7530.305559
 99.215873 	 7530.674454
 99.315873 	 7530.995081
 99.415873 	 7531.267389
 99.515873 	 7531.491328
 99.615873 	 7531.666850
 99.715873 	 7531.793909
 99.815873 	 7531.872461
 99.915873 	 7531.902466
100.015873 	 7531.883884
100.115873 	 7531.816678
100.215873 	 7531.700812
100.315873 	 7531.536254
100.415873 	 7531.322973
100.515873 	 7531.060938
100.615873 	 7530.750124
100.715873 	 7530.390505
100.815873 	 7529.982058
100.915873 	 7529.524761
101.015873 	 7529.018596
101.115873 	 7528.463544
101.215873 	 7527.859590
101.315873 	 7527.206720
101.415873 	 7526.504923
101.515873 	 7525.754189
101.615873 	 7524.954508
101.715873 	 7524.105875
101.815873 	 7523.208285
101.915873 	 7522.261735
102.015873 	 7521.266224
102.115873 	 7520.221752
102.215873 	 7519.128321
102.315873 	 7517.985936
102.415873 	 7516.794602
102.515873 	 7515.554326
102.615873 	 7514.265117
102.715873 	 7512.926986
102.815873 	 7511.539944
102.915873 	 7510.104006
103.015873 	 7508.619187
103.115873 	 7507.085504
103.215873 	 7505.502975
103.315873 	 7503.871620
103.415873 	 7502.191461
103.515873 	 7500.462521
103.615873 	 7498.684823
103.715873 	 7496.858395
103.815873 	 7494.983264
103.915873 	 7493.059458
104.015873 	 7491.087008
104.115873 	 7489.065946
104.215873 	 7486.996305
104.315873 	 7484.878119
104.415873 	 7482.711425
104.515873 	 7480.496260
104.615873 	 7478.232662
104.715873 	 7475.920671
104.815873 	 7473.560330
104.915873 	 7471.151680
105.015873 	 7468.694766
105.115873 	 7466.189632
105.215873 	 7463.636326
105.315873 	 7461.034896
105.415873 	 7458.385389
105.515873 	 7455.687858
105.615873 	 7452.942353
105.715873 	 7450.148927
105.815873 	 7447.307634
105.915873 	 7444.418529
106.015873 	 7441.481669
106.115873 	 7438.497111
106.215873 	 7435.464913
106.315873 	 7432.385137
106.415873 	 7429.257842
106.515873 	 7426.083091
106.615873 	 7422.860947
106.715873 	 7419.591474
106.815873 	 7416.274739
106.915873 	 7412.910806
107.015873 	 7409.499744
107.115873 	 7406.041621
107.215873 	 7402.536508
107.315873 	 7398.984474
107.415873 	 7395.385592
107.515873 	 7391.739934
107.615873 	 7388.047574
107.715873 	 7384.308587
107.815873 	 7380.523048
107.915873 	 7376.691034
108.015873 	 7372.812623
108.115873 	 7368.887894
108.215873 	 7364.916925
108.315873 	 7360.899798
108.415873 	 7356.836594
108.515873 	 7352.727395
108.615873 	 7348.572285
108.715873 	 7344.371347
108.815873 	 7340.124667
108.915873 	 7335.832331
109.015873 	 7331.494425
109.115873 	 7327.111037
109.215873 	 7322.682255
109.315873 	 7318.208169
109.415873 	 7313.688869
109.515873 	 7309.124446
109.615873 	 7304.514992
109.715873 	 7299.860599
109.815873 	 7295.161360
109.915873 	 7290.417371
110.015873 	 7285.628725
110.115873 	 7280.795519
110.215873 	 7275.917849
110.315873 	 7270.995812
110.415873 	 7266.029506
110.515873 	 7261.019030
110.615873 	 7255.964483
110.715873 	 7250.865967
110.815873 	 7245.723580
110.915873 	 7240.537426
111.015873 	 7235.307606
111.115873 	 7230.034223
111.215873 	 7224.717381
111.315873 	 7219.357185
111.415873 	 7213.953738
111.515873 	 7208.507148
111.615873 	 7203.017520
111.715873 	 7197.484961
111.815873 	 7191.909579
111.915873 	 7186.291482
112.015873 	 7180.630779
112.115873 	 7174.927579
112.215873 	 7169.181992
112.315873 	 7163.394129
112.415873 	 7157.564102
112.515873 	 7151.692021
112.615873 	 7145.778000
112.715873 	 7139.822151
112.815873 	 7133.824589
112.915873 	 7127.785426
113.015873 	 7121.704778
113.115873 	 7115.582760
113.215873 	 7109.419488
113.315873 	 7103.215077
113.415873 	 7096.969646
113.515873 	 7090.683310
113.615873 	 7084.356188
113.715873 	 7077.988399
113.815873 	 7071.580060
113.915873 	 7065.131292
114.015873 	 7058.642214
114.115873 	 7052.112946
114.215873 	 7045.543610
114.315873 	 7038.934326
114.415873 	 7032.285216
114.515873 	 7025.596402
114.615873 	 7018.868008
114.715873 	 7012.100155
114.815873 	 7005.292968
114.915873 	 6998.446570
115.015873 	 6991.561086
115.115873 	 6984.636640
115.215873 	 6977.673358
115.315873 	 6970.671366
115.415873 	 6963.630788
115.515873 	 6956.551752
115.615873 	 6949.434385
115.715873 	 6942.278814
115.815873 	 6935.085165
115.915873 	 6927.853568
116.015873 	 6920.584151
116.115873 	 6913.277041
116.215873 	 6905.932369
116.315873 	 6898.550264
116.415873 	 6891.130855
116.515873 	 6883.674273
116.615873 	 6876.180647
116.715873 	 6868.650110
116.815873 	 6861.082791
116.915873 	 6853.478823
117.015873 	 6845.838337
117.115873 	 6838.161465
117.215873 	 6830.448340
117.315873 	 6822.699094
117.415873 	 6814.913861
117.515873 	 6807.092773
117.615873 	 6799.235965
117.715873 	 6791.343570
117.815873 	 6783.415723
117.915873 	 6775.452557
118.015873 	 6767.454208
118.115873 	 6759.420811
118.215873 	 6751.352500
118.315873 	 6743.249413
118.415873 	 6735.111683
118.515873 	 6726.939448
118.615873 	 6718.732843
118.715873 	 6710.492006
118.815873 	 6702.217073
118.915873 	 6693.908181
119.015873 	 6685.565467
119.115873 	 6677.189070
119.215873 	 6668.779126
119.315873 	 6660.335773
119.415873 	 6651.859150
119.515873 	 6643.349395
119.615873 	 6634.806647
119.715873 	 6626.231045
119.815873 	 6617.622727
119.915873 	 6608.981832
120.015873 	 6600.308501
120.115873 	 6591.602873
120.215873 	 6582.865087
120.315873 	 6574.095283
120.415873 	 6565.293602
120.515873 	 6556.460184
120.615873 	 6547.595169
120.715873 	 6538.698699
120.815873 	 6529.770913
120.915873 	 6520.811953
121.015873 	 6511.821960
121.115873 	 6502.801075
121.215873 	 6493.749440
121.315873 	 6484.667196
121.415873 	 6475.554485
121.515873 	 6466.411449
121.615873 	 6457.238230
121.715873 	 6448.034971
121.815873 	 6438.801812
121.915873 	 6429.538898
122.015873 	 6420.246369
122.115873 	 6410.924370
122.215873 	 6401.573043
122.315873 	 6392.192530
122.415873 	 6382.782975
122.515873 	 6373.344521
122.615873 	 6363.877311
122.715873 	 6354.381488
122.815873 	 6344.857197
122.915873 	 6335.304579
123.015873 	 6325.723780
123.115873 	 6316.114942
123.215873 	 6306.478210
123.315873 	 6296.813727
123.415873 	 6287.121638
123.515873 	 6277.402086
123.615873 	 6267.655215
123.715873 	 6257.881171
123.815873 	 6248.080096
123.915873 	 6238.252136
124.015873 	 6228.397435
124.115873 	 6218.516137
124.215873 	 6208.608387
124.315873 	 6198.674330
124.415873 	 6188.714109
124.515873 	 6178.727871
124.615873 	 6168.715759
124.715873 	 6158.677918
124.815873 	 6148.614494
124.915873 	 6138.525631
125.015873 	 6128.411475
125.115873 	 6118.272169
125.215873 	 6108.107860
125.315873 	 6097.918692
125.415873 	 6087.704810
125.515873 	 6077.466359
125.615873 	 6067.203486
125.715873 	 6056.916333
125.815873 	 6046.605048
125.915873 	 6036.269775
126.015873 	 6025.910660
126.115873 	 6015.527847
126.215873 	 6005.121481
126.315873 	 5994.691709
126.415873 	 5984.238676
126.515873 	 5973.762526
126.615873 	 5963.263405
126.715873 	 5952.741458
126.815873 	 5942.196831
126.915873 	 5931.629669
127.015873 	 5921.040117
127.115873 	 5910.428321
127.215873 	 5899.794425
127.315873 	 5889.138575
127.415873 	 5878.460916
127.515873 	 5867.761594
127.615873 	 5857.040754
127.715873 	 5846.298540
127.815873 	 5835.535098
127.915873 	 5824.750574
128.015873 	 5813.945112
128.115873 	 5803.118858
128.215873 	 5792.271956
128.315873 	 5781.404551
128.415873 	 5770.516790
128.515873 	 5759.608816
128.615873 	 5748.680775
128.715873 	 5737.732811
128.815873 	 5726.765069
128.915873 	 5715.777695
129.015873 	 5704.770833
129.115873 	 5693.744628
129.215873 	 5682.699224
129.315873 	 5671.634767
129.415873 	 5660.551400
129.515873 	 5649.449269
129.615873 	 5638.328518
129.715873 	 5627.189291
129.815873 	 5616.031733
129.915873 	 5604.855988
130.015873 	 5593.662200
130.115873 	 5582.450515
130.215873 	 5571.221075
130.315873 	 5559.974025
130.415873 	 5548.709509
130.515873 	 5537.427671
130.615873 	 5526.128656
130.715873 	 5514.812606
130.815873 	 5503.479665
130.915873 	 5492.129978
131.015873 	 5480.763688
131.115873 	 5469.380938
131.215873 	 5457.981873
131.315873 	 5446.566634
131.415873 	 5435.135367
131.515873 	 5423.688213
131.615873 	 5412.225317
131.715873 	 5400.746820
131.815873 	 5389.252867
131.915873 	 5377.743600
132.015873 	 5366.219163
132.115873 	 5354.679696
132.215873 	 5343.125345
132.315873 	 5331.556250
132.415873 	 5319.972555
132.515873 	 5308.374401
132.615873 	 5296.761931
132.715873 	 5285.135288
132.815873 	 5273.494614
132.915873 	 5261.840049
133.015873 	 5250.171737
133.115873 	 5238.489819
133.215873 	 5226.794437
133.315873 	 5215.085732
133.415873 	 5203.363846
133.515873 	 5191.628920
133.615873 	 5179.881096
133.715873 	 5168.120514
133.815873 	 5156.347316
133.915873 	 5144.561643
134.015873 	 5132.763636
134.115873 	 5120.953435
134.215873 	 5109.131181
134.315873 	 5097.297014
134.415873 	 5085.451075
134.515873 	 5073.593505
134.615873 	 5061.724442
134.715873 	 5049.844028
134.815873 	 5037.952403
134.915873 	 5026.049705
135.015873 	 5014.136075
135.115873 	 5002.211653
135.215873 	 4990.276577
135.315873 	 4978.330988
135.415873 	 4966.375024
135.515873 	 4954.408824
135.615873 	 4942.432528
135.715873 	 4930.446274
135.815873 	 4918.450201
135.915873 	 4906.444448
136.015873 	 4894.429152
136.115873 	 4882.404452
136.215873 	 4870.370488
136.315873 	 4858.327395
136.415873 	 4846.275313
136.515873 	 4834.214379
136.615873 	 4822.144731
136.715873 	 4810.066506
136.815873 	 4797.979842
136.915873 	 4785.884876
137.015873 	 4773.781745
137.115873 	 4761.670586
137.215873 	 4749.551535
137.315873 	 4737.424731
137.415873 	 4725.290308
137.515873 	 4713.148404
137.615873 	 4700.999155
137.715873 	 4688.842696
137.815873 	 4676.679164
137.915873 	 4664.508696
138.015873 	 4652.331425
138.115873 	 4640.147488
138.215873 	 4627.957021
138.315873 	 4615.760158
138.415873 	 4603.557035
138.515873 	 4591.347786
138.615873 	 4579.132547
138.715873 	 4566.911452
138.815873 	 4554.684636
138.915873 	 4542.452233
139.015873 	 4530.214376
139.115873 	 4517.971201
139.215873 	 4505.722841
139.315873 	 4493.469430
139.415873 	 4481.211101
139.515873 	 4468.947989
139.615873 	 4456.680225
139.715873 	 4444.407944
139.815873 	 4432.131278
139.915873 	 4419.850360
140.015873 	 4407.565323
140.115873 	 4395.276299
140.215873 	 4382.983420
140.315873 	 4370.686820
140.415873 	 4358.386629
140.515873 	 4346.082980
140.615873 	 4333.776004
140.715873 	 4321.465834
140.815873 	 4309.152599
140.915873 	 4296.836432
141.015873 	 4284.517464
141.115873 	 4272.195825
141.215873 	 4259.871647
141.315873 	 4247.545059
141.415873 	 4235.216192
141.515873 	 4222.885177
141.615873 	 4210.552143
141.715873 	 4198.217221
141.815873 	 4185.880540
141.915873 	 4173.542230
142.015873 	 4161.202420
142.115873 	 4148.861239
142.215873 	 4136.518817
142.315873 	 4124.175282
142.415873 	 4111.830763
142.515873 	 4099.485390
142.615873 	 4087.139289
142.715873 	 4074.792589
142.815873 	 4062.445419
142.915873 	 4050.097906
143.015873 	 4037.750179
143.115873 	 4025.402363
143.215873 	 4013.054588
143.315873 	 4000.706980
143.415873 	 3988.359666
143.515873 	 3976.012774
143.615873 	 3963.666429
143.715873 	 3951.320758
143.815873 	 3938.975888
143.915873 	 3926.631944
144.015873 	 3914.289054
144.115873 	 3901.947342
144.215873 	 3889.606934
144.315873 	 3877.267956
144.415873 	 3864.930533
144.515873 	 3852.594790
144.615873 	 3840.260853
144.715873 	 3827.928845
144.815873 	 3815.598892
144.915873 	 3803.271117
145.015873 	 3790.945646
145.115873 	 3778.622601
145.215873 	 3766.302108
145.315873 	 3753.984290
145.415873 	 3741.669269
145.515873 	 3729.357171
145.615873 	 3717.048117
145.715873 	 3704.742231
145.815873 	 3692.439636
145.915873 	 3680.140454
146.015873 	 3667.844807
146.115873 	 3655.552819
146.215873 	 3643.264611
146.315873 	 3630.980304
146.415873 	 3618.700022
146.515873 	 3606.423884
146.615873 	 3594.152014
146.715873 	 3581.884531
146.815873 	 3569.621557
146.915873 	 3557.363212
147.015873 	 3545.109618
147.115873 	 3532.860895
147.215873 	 3520.617163
147.315873 	 3508.378542
147.415873 	 3496.145152
147.515873 	 3483.917113
147.615873 	 3471.694544
147.715873 	 3459.477566
147.815873 	 3447.266296
147.915873 	 3435.060854
148.015873 	 3422.861359
148.115873 	 3410.667929
148.215873 	 3398.480683
148.315873 	 3386.299739
148.415873 	 3374.125216
148.515873 	 3361.957231
148.615873 	 3349.795902
148.715873 	 3337.641346
148.815873 	 3325.493680
148.915873 	 3313.353023
149.015873 	 3301.219491
149.115873 	 3289.093200
149.215873 	 3276.974268
149.315873 	 3264.862811
149.415873 	 3252.758944
149.515873 	 3240.662785
149.615873 	 3228.574449
149.715873 	 3216.494051
149.815873 	 3204.421708
149.915873 	 3192.357533
150.015873 	 3180.301644
150.115873 	 3168.254154
150.215873 	 3156.215179
150.315873 	 3144.184832
150.415873 	 3132.163229
150.515873 	 3120.150483
150.615873 	 3108.146708
150.715873 	 3096.152020
150.815873 	 3084.166530
150.915873 	 3072.190352
151.015873 	 3060.223600
151.115873 	 3048.266388
151.215873 	 3036.318826
151.315873 	 3024.381030
151.415873 	 3012.453110
151.515873 	 3000.535180
151.615873 	 2988.627351
151.715873 	 2976.729736
151.815873 	 2964.842446
151.915873 	 2952.965593
152.015873 	 2941.099288
152.115873 	 2929.243643
152.215873 	 2917.398768
152.315873 	 2905.564774
152.415873 	 2893.741773
152.515873 	 2881.929874
152.615873 	 2870.129188
152.715873 	 2858.339826
152.815873 	 2846.561896
152.915873 	 2834.795508
153.015873 	 2823.040773
153.115873 	 2811.297799
153.215873 	 2799.566696
153.315873 	 2787.847573
153.415873 	 2776.140538
153.515873 	 2764.445701
153.615873 	 2752.763169
153.715873 	 2741.093051
153.815873 	 2729.435454
153.915873 	 2717.790488
154.015873 	 2706.158258
154.115873 	 2694.538874
154.215873 	 2682.932442
154.315873 	 2671.339069
154.415873 	 2659.758863
154.515873 	 2648.191930
154.615873 	 2636.638376
154.715873 	 2625.098308
154.815873 	 2613.571832
154.915873 	 2602.059055
155.015873 	 2590.560082
155.115873 	 2579.075018
155.215873 	 2567.603969
155.315873 	 2556.147041
155.415873 	 2544.704338
155.515873 	 2533.275966
155.615873 	 2521.862029
155.715873 	 2510.462631
155.815873 	 2499.077877
155.915873 	 2487.707871
156.015873 	 2476.352717
156.115873 	 2465.012519
156.215873 	 2453.687380
156.315873 	 2442.377405
156.415873 	 2431.082695
156.515873 	 2419.803354
156.615873 	 2408.539485
156.715873 	 2397.291191
156.815873 	 2386.058574
156.915873 	 2374.841736
157.015873 	 2363.640779
157.115873 	 2352.455806
157.215873 	 2341.286919
157.315873 	 2330.134218
157.415873 	 2318.997804
157.515873 	 2307.877781
157.615873 	 2296.774247
157.715873 	 2285.687305
157.815873 	 2274.617054
157.915873 	 2263.563596
158.015873 	 2252.527030
158.115873 	 2241.507456
158.215873 	 2230.504975
158.315873 	 2219.519686
158.415873 	 2208.551689
158.515873 	 2197.601083
158.615873 	 2186.667967
158.715873 	 2175.752440
158.815873 	 2164.854601
158.915873 	 2153.974549
159.015873 	 2143.112382
159.115873 	 2132.268198
159.215873 	 2121.442095
159.315873 	 2110.634172
159.415873 	 2099.844526
159.515873 	 2089.073254
159.615873 	 2078.320454
159.715873 	 2067.586223
159.815873 	 2056.870658
159.915873 	 2046.173856
160.015873 	 2035.495913
160.115873 	 2024.836926
160.215873 	 2014.196991
160.315873 	 2003.576204
160.415873 	 1992.974661
160.515873 	 1982.392458
160.615873 	 1971.829690
160.715873 	 1961.286453
160.815873 	 1950.762841
160.915873 	 1940.258950
161.015873 	 1929.774875
161.115873 	 1919.310709
161.215873 	 1908.866549
161.315873 	 1898.442487
161.415873 	 1888.038618
161.515873 	 1877.655036
161.615873 	 1867.291834
161.715873 	 1856.949107
161.815873 	 1846.626947
161.915873 	 1836.325447
162.015873 	 1826.044702
162.115873 	 1815.784802
162.215873 	 1805.545842
162.315873 	 1795.327914
162.415873 	 1785.131109
162.515873 	 1774.955520
162.615873 	 1764.801240
162.715873 	 1754.668358
162.815873 	 1744.556969
162.915873 	 1734.467161
163.015873 	 1724.399028
163.115873 	 1714.352660
163.215873 	 1704.328147
163.315873 	 1694.325581
163.415873 	 1684.345052
163.515873 	 1674.386650
163.615873 	 1664.450466
163.715873 	 1654.536589
163.815873 	 1644.645110
163.915873 	 1634.776117
164.015873 	 1624.929701
164.115873 	 1615.105950
164.215873 	 1605.304955
164.315873 	 1595.526802
164.415873 	 1585.771583
164.515873 	 1576.039384
164.615873 	 1566.330295
164.715873 	 1556.644403
164.815873 	 1546.981798
164.915873 	 1537.342565
165.015873 	 1527.726794
165.115873 	 1518.134572
165.215873 	 1508.565986
165.315873 	 1499.021124
165.415873 	 1489.500072
165.515873 	 1480.002917
165.615873 	 1470.529746
165.715873 	 1461.080645
165.815873 	 1451.655701
165.915873 	 1442.255000
166.015873 	 1432.878628
166.115873 	 1423.526670
166.215873 	 1414.199212
166.315873 	 1404.896341
166.415873 	 1395.618140
166.515873 	 1386.364695
166.615873 	 1377.136091
166.715873 	 1367.932414
166.815873 	 1358.753746
166.915873 	 1349.600173
167.015873 	 1340.471780
167.115873 	 1331.368650
167.215873 	 1322.290866
167.315873 	 1313.238514
167.415873 	 1304.211676
167.515873 	 1295.210436
167.615873 	 1286.234877
167.715873 	 1277.285082
167.815873 	 1268.361134
167.915873 	 1259.463116
168.015873 	 1250.591110
168.115873 	 1241.745199
168.215873 	 1232.925465
168.315873 	 1224.131990
168.415873 	 1215.364856
168.515873 	 1206.624144
168.615873 	 1197.909937
168.715873 	 1189.222315
168.815873 	 1180.561360
168.915873 	 1171.927153
169.015873 	 1163.319774
169.115873 	 1154.739305
169.215873 	 1146.185826
169.315873 	 1137.659417
169.415873 	 1129.160159
169.515873 	 1120.688131
169.615873 	 1112.243414
169.715873 	 1103.826087
169.815873 	 1095.436230
169.915873 	 1087.073923
170.015873 	 1078.739243
170.115873 	 1070.432271
170.215873 	 1062.153086
170.315873 	 1053.901765
170.415873 	 1045.678389
170.515873 	 1037.483034
170.615873 	 1029.315780
170.715873 	 1021.176704
170.815873 	 1013.065884
170.915873 	 1004.983399
171.015873 	 996.929325
171.115873 	 988.903740
171.215873 	 980.906722
171.315873 	 972.938347
171.415873 	 964.998692
171.515873 	 957.087835
171.615873 	 949.205851
171.715873 	 941.352818
171.815873 	 933.528811
171.915873 	 925.733907
172.015873 	 917.968181
172.115873 	 910.231710
172.215873 	 902.524569
172.315873 	 894.846834
172.415873 	 887.198579
172.515873 	 879.579881
172.615873 	 871.990814
172.715873 	 864.431453
172.815873 	 856.901872
172.915873 	 849.402147
173.015873 	 841.932351
173.115873 	 834.492559
173.215873 	 827.082845
173.315873 	 819.703282
173.415873 	 812.353945
173.515873 	 805.034907
173.615873 	 797.746242
173.715873 	 790.488022
173.815873 	 783.260321
173.915873 	 776.063212
174.015873 	 768.896768
174.115873 	 761.761061
174.215873 	 754.656163
174.315873 	 747.582148
174.415873 	 740.539087
174.515873 	 733.527053
174.615873 	 726.546116
174.715873 	 719.596349
174.815873 	 712.677824
174.915873 	 705.790612
175.015873 	 698.934783
175.115873 	 692.110410
175.215873 	 685.317563
175.315873 	 678.556313
175.415873 	 671.826730
175.515873 	 665.128885
175.615873 	 658.462849
175.715873 	 651.828691
175.815873 	 645.226481
175.915873 	 638.656290
176.015873 	 632.118187
176.115873 	 625.612242
176.215873 	 619.138523
176.315873 	 612.697101
176.415873 	 606.288044
176.515873 	 599.911422
176.615873 	 593.567302
176.715873 	 587.255755
176.815873 	 580.976848
176.915873 	 574.730649
177.015873 	 568.517227
177.115873 	 562.336651
177.215873 	 556.188987
177.315873 	 550.074303
177.415873 	 543.992668
177.515873 	 537.944148
177.615873 	 531.928811
177.715873 	 525.946724
177.815873 	 519.997955
177.915873 	 514.082569
178.015873 	 508.200634
178.115873 	 502.352216
178.215873 	 496.537381
178.315873 	 490.756197
178.415873 	 485.008729
178.515873 	 479.295042
178.615873 	 473.615203
178.715873 	 467.969278
178.815873 	 462.357332
178.915873 	 456.779430
179.015873 	 451.235638
179.115873 	 445.726020
179.215873 	 440.250643
179.315873 	 434.809569
179.415873 	 429.402865
179.515873 	 424.030595
179.615873 	 418.692822
179.715873 	 413.389612
179.815873 	 408.121028
179.915873 	 402.887135
180.015873 	 397.687995
180.115873 	 392.523673
180.215873 	 387.394233
180.315873 	 382.299737
180.415873 	 377.240249
180.515873 	 372.215832
180.615873 	 367.226548
180.715873 	 362.272461
180.815873 	 357.353634
180.915873 	 352.470128
181.015873 	 347.622007
181.115873 	 342.809332
181.215873 	 338.032165
181.315873 	 333.290569
181.415873 	 328.584605
181.515873 	 323.914334
181.615873 	 319.279820
181.715873 	 314.681122
181.815873 	 310.118302
181.915873 	 305.591421
182.015873 	 301.100540
182.115873 	 296.645721
182.215873 	 292.227023
182.315873 	 287.844507
182.415873 	 283.498233
182.515873 	 279.188263
182.615873 	 274.914655
182.715873 	 270.677471
182.815873 	 266.476769
182.915873 	 262.312610
183.015873 	 258.185053
183.115873 	 254.094158
183.215873 	 250.039983
183.315873 	 246.022589
183.415873 	 242.042033
183.515873 	 238.098376
183.615873 	 234.191676
183.715873 	 230.321990
183.815873 	 226.489379
183.915873 	 222.693900
184.015873 	 218.935612
184.115873 	 215.214572
184.215873 	 211.530838
184.315873 	 207.884469
184.415873 	 204.275522
184.515873 	 200.704055
184.615873 	 197.170124
184.715873 	 193.673788
184.815873 	 190.215103
184.915873 	 186.794127
185.015873 	 183.410915
185.115873 	 180.065526
185.215873 	 176.758016
185.315873 	 173.488441
185.415873 	 170.256857
185.515873 	 167.063321
185.615873 	 163.907889
185.715873 	 160.790617
185.815873 	 157.711560
185.915873 	 154.670775
186.015873 	 151.668317
186.115873 	 148.704240
186.215873 	 145.778602
186.315873 	 142.891456
186.415873 	 140.042858
186.515873 	 137.232863
186.615873 	 134.461526
186.715873 	 131.728900
186.815873 	 129.035042
186.915873 	 126.380004
187.015873 	 123.763842
187.115873 	 121.186609
187.215873 	 118.648360
187.315873 	 116.149149
187.415873 	 113.689028
187.515873 	 111.268053
187.615873 	 108.886275
187.715873 	 106.543750
187.815873 	 104.240529
187.915873 	 101.976666
188.015873 	  99.752214
188.115873 	  97.567227
188.215873 	  95.421756
188.315873 	  93.315854
188.415873 	  91.249574
188.515873 	  89.222968
188.615873 	  87.236088
188.715873 	  85.288987
188.815873 	  83.381717
188.915873 	  81.514328
189.015873 	  79.686874
189.115873 	  77.899406
189.215873 	  76.151974
189.315873 	  74.444631
189.415873 	  72.777428
189.515873 	  71.150416
189.615873 	  69.563646
189.715873 	  68.017168
189.815873 	  66.511034
189.915873 	  65.045294
190.015873 	  63.619999
190.115873 	  62.235198
190.215873 	  60.890943
190.315873 	  59.587284
190.415873 	  58.324270
190.515873 	  57.101951
190.615873 	  55.920377
190.715873 	  54.779598
190.815873 	  53.679664
190.915873 	  52.620623
191.015873 	  51.602525
191.115873 	  50.625419
191.215873 	  49.689355
191.315873 	  48.794380
191.415873 	  47.940545
191.515873 	  47.127897
191.615873 	  46.356485
191.715873 	  45.626358
191.815873 	  44.937565
191.915873 	  44.290152
192.015873 	  43.684169
192.115873 	  43.119663
192.215873 	  42.596682
192.315873 	  42.115274
192.415873 	  41.675487
192.515873 	  41.277367
192.615873 	  40.920964
192.715873 	  40.606322
192.815873 	  40.333491
192.915873 	  40.102517
193.015873 	  39.913446
193.115873 	  39.766327
193.215873 	  39.661204
193.315873 	  39.598126
193.415873 	  39.577137
193.515873 	  39.598286
193.615873 	  39.661617
193.715873 	  39.767178
193.815873 	  39.915014
193.915873 	  40.105170
194.015873 	  40.337694
194.115873 	  40.612630
194.215873 	  40.930023
194.315873 	  41.289921
194.415873 	  41.692366
194.515873 	  42.137406
194.615873 	  42.625085
194.715873 	  43.155448
194.815873 	  43.728539
194.915873 	  44.344404
195.015873 	  45.003088
195.115873 	  45.704634
195.215873 	  46.449087
195.315873 	  47.236492
195.415873 	  48.066892
195.515873 	  48.940332
195.615873 	  49.856856
195.715873 	  50.816507
195.815873 	  51.819330
195.915873 	  52.865368
196.015873 	  53.954664
196.115873 	  55.087262
196.215873 	  56.263205
196.315873 	  57.482537
196.415873 	  58.745300
196.515873 	  60.051538
196.615873 	  61.401293
196.715873 	  62.794608
196.815873 	  64.231525
196.915873 	  65.712089
197.015873 	  67.236339
197.115873 	  68.804320
197.215873 	  70.416073
197.315873 	  72.071640
197.415873 	  73.771064
197.515873 	  75.514386
197.615873 	  77.301648
197.715873 	  79.132892
197.815873 	  81.008159
197.915873 	  82.927491
198.015873 	  84.890929
198.115873 	  86.898514
198.215873 	  88.950287
198.315873 	  91.046291
198.415873 	  93.186564
198.515873 	  95.371149
198.615873 	  97.600086
198.715873 	  99.873416
198.815873 	 102.191179
198.915873 	 104.553415
199.015873 	 106.960165
199.115873 	 109.411470
199.215873 	 111.907368
199.315873 	 114.447901
199.415873 	 117.033107
199.515873 	 119.663028
199.615873 	 122.337701
199.715873 	 125.057168
199.815873 	 127.821467
199.915873 	 130.630639
200.015873 	 133.484721
200.115873 	 136.383754
200.215873 	 139.327776
200.315873 	 142.316826
200.415873 	 145.350944
200.515873 	 148.430167
200.615873 	 151.554535
200.715873 	 154.724086
200.815873 	 157.938859
200.915873 	 161.198891
201.015873 	 164.504222
201.115873 	 167.854889
201.215873 	 171.250931
201.315873 	 174.692384
201.415873 	 178.179288
201.515873 	 181.711680
201.615873 	 185.289597
201.715873 	 188.913077
201.815873 	 192.582158
201.915873 	 196.296877
202.015873 	 200.057271
202.115873 	 203.863377
202.215873 	 207.715232
202.315873 	 211.612873
202.415873 	 215.556338
202.515873 	 219.545662
202.615873 	 223.580883
202.715873 	 227.662037
202.815873 	 231.789160
202.915873 	 235.962289
203.015873 	 240.181460
203.115873 	 244.446710
203.215873 	 248.758074
203.315873 	 253.115588
203.415873 	 257.519288
203.515873 	 261.969211
203.615873 	 266.465391
203.715873 	 271.007864
203.815873 	 275.596666
203.915873 	 280.231832
204.015873 	 284.913397
204.115873 	 289.641397
204.215873 	 294.415866
204.315873 	 299.236841
204.415873 	 304.104355
204.515873 	 309.018443
204.615873 	 313.979141
204.715873 	 318.986482
204.815873 	 324.040502
204.915873 	 329.141234
205.015873 	 334.288714
205.115873 	 339.482975
205.215873 	 344.724051
205.315873 	 350.011977
205.415873 	 355.346787
205.515873 	 360.728514
205.615873 	 366.157193
205.715873 	 371.632856
205.815873 	 377.155538
205.915873 	 382.725272
206.015873 	 388.342091
206.115873 	 394.006029
206.215873 	 399.717120
206.315873 	 405.475395
206.415873 	 411.280889
206.515873 	 417.133633
206.615873 	 423.033662
206.715873 	 428.981008
206.815873 	 434.975703
206.915873 	 441.017780
207.015873 	 447.107272
207.115873 	 453.244211
207.215873 	 459.428629
207.315873 	 465.660559
207.415873 	 471.940033
207.515873 	 478.267082
207.615873 	 484.641739
207.715873 	 491.064036
207.815873 	 497.534004
207.915873 	 504.051675
208.015873 	 510.617081
208.115873 	 517.230253
208.215873 	 523.891223
208.315873 	 530.600022
208.415873 	 537.356680
208.515873 	 544.161231
208.615873 	 551.013704
208.715873 	 557.914130
208.815873 	 564.862541
208.915873 	 571.858967
209.015873 	 578.903438
209.115873 	 585.995987
209.215873 	 593.136642
209.315873 	 600.325435
209.415873 	 607.562396
209.515873 	 614.847555
209.615873 	 622.180943
209.715873 	 629.562589
209.815873 	 636.992524
209.915873 	 644.470777
210.015873 	 651.997379
210.115873 	 659.572359
210.215873 	 667.195747
210.315873 	 674.867572
210.415873 	 682.587865
210.515873 	 690.356654
210.615873 	 698.173968
210.715873 	 706.039838
210.815873 	 713.954292
210.915873 	 721.917359
211.015873 	 729.929069
211.115873 	 737.989450
211.215873 	 746.098531
211.315873 	 754.256341
211.415873 	 762.462908
211.515873 	 770.718262
211.615873 	 779.022430
211.715873 	 787.375442
211.815873 	 795.777325
211.915873 	 804.228107
212.015873 	 812.727818
212.115873 	 821.276484
212.215873 	 829.874135
212.315873 	 838.520798
212.415873 	 847.216500
212.515873 	 855.961270
212.615873 	 864.755135
212.715873 	 873.598123
212.815873 	 882.490262
212.915873 	 891.431578
213.015873 	 900.422100
213.115873 	 909.461854
213.215873 	 918.550868
213.315873 	 927.689168
213.415873 	 936.876783
213.515873 	 946.113738
213.615873 	 955.400061
213.715873 	 964.735779
213.815873 	 974.120917
213.915873 	 983.555504
214.015873 	 993.039565
214.115873 	 1002.573127
214.215873 	 1012.156216
214.315873 	 1021.788859
214.415873 	 1031.471082
214.515873 	 1041.202911
214.615873 	 1050.984372
214.715873 	 1060.815491
214.815873 	 1070.696295
214.915873 	 1080.626808
215.015873 	 1090.607057
215.115873 	 1100.637068
215.215873 	 1110.716865
215.315873 	 1120.846475
215.415873 	 1131.025923
215.515873 	 1141.255235
215.615873 	 1151.534435
215.715873 	 1161.863549
215.815873 	 1172.242603
215.915873 	 1182.671620
216.015873 	 1193.150627
216.115873 	 1203.679648
216.215873 	 1214.258708
216.315873 	 1224.887832
216.415873 	 1235.567044
216.515873 	 1246.296370
216.615873 	 1257.075833
216.715873 	 1267.905458
216.815873 	 1278.785270
216.915873 	 1289.715292
217.015873 	 1300.695550
217.115873 	 1311.726067
217.215873 	 1322.806867
217.315873 	 1333.937974
217.415873 	 1345.119413
217.515873 	 1356.351207
217.615873 	 1367.633380
217.715873 	 1378.965956
217.815873 	 1390.348958
217.915873 	 1401.782411
218.015873 	 1413.266336
218.115873 	 1424.800758
218.215873 	 1436.385701
218.315873 	 1448.021187
218.415873 	 1459.707240
218.515873 	 1471.443883
218.615873 	 1483.231139
218.715873 	 1495.069030
218.815873 	 1506.957581
218.915873 	 1518.896813
219.015873 	 1530.886749
219.115873 	 1542.927413
219.215873 	 1555.018826
219.315873 	 1567.161012
219.415873 	 1579.353993
219.515873 	 1591.597791
219.615873 	 1603.892428
219.715873 	 1616.237927
219.815873 	 1628.634311
219.915873 	 1641.081600
220.015873 	 1653.579818
220.115873 	 1666.128986
220.215873 	 1678.729126
220.315873 	 1691.380260
220.415873 	 1704.082410
220.515873 	 1716.835598
220.615873 	 1729.639844
220.715873 	 1742.495171
220.815873 	 1755.401601
220.915873 	 1768.359154
221.015873 	 1781.367851
221.115873 	 1794.427716
221.215873 	 1807.538767
221.315873 	 1820.701027
221.415873 	 1833.914517
221.515873 	 1847.179258
221.615873 	 1860.495270
221.715873 	 1873.862575
221.815873 	 1887.281193
221.915873 	 1900.751145
222.015873 	 1914.272452
222.115873 	 1927.845134
222.215873 	 1941.469212
222.315873 	 1955.144706
222.415873 	 1968.871637
222.515873 	 1982.650025
222.615873 	 1996.479890
222.715873 	 2010.361253
222.815873 	 2024.294133
222.915873 	 2038.278551
223.015873 	 2052.314527
223.115873 	 2066.402081
223.215873 	 2080.541231
223.315873 	 2094.731999
223.415873 	 2108.974404
223.515873 	 2123.268466
223.615873 	 2137.614204
223.715873 	 2152.011638
223.815873 	 2166.460786
223.915873 	 2180.961670
224.015873 	 2195.514307
224.115873 	 2210.118718
224.215873 	 2224.774921
224.315873 	 2239.482935
224.415873 	 2254.242781
224.515873 	 2269.054475
224.615873 	 2283.918039
224.715873 	 2298.833489
224.815873 	 2313.800846
224.915873 	 2328.820128
225.015873 	 2343.891354
225.115873 	 2359.014542
225.215873 	 2374.189710
225.315873 	 2389.416878
225.415873 	 2404.696064
225.515873 	 2420.027286
225.615873 	 2435.410562
225.715873 	 2450.845911
225.815873 	 2466.333351
225.915873 	 2481.872899
226.015873 	 2497.464575
226.115873 	 2513.108395
226.215873 	 2528.804378
226.315873 	 2544.552542
226.415873 	 2560.352905
226.515873 	 2576.205483
226.615873 	 2592.110296
226.715873 	 2608.067360
226.815873 	 2624.076693
226.915873 	 2640.138312
227.015873 	 2656.252236
227.115873 	 2672.418480
227.215873 	 2688.637064
227.315873 	 2704.908003
227.415873 	 2721.231315
227.515873 	 2737.607017
227.615873 	 2754.035126
227.715873 	 2770.515660
227.815873 	 2787.048634
227.915873 	 2803.634067
228.015873 	 2820.271974
228.115873 	 2836.962372
228.215873 	 2853.705279
228.315873 	 2870.500710
228.415873 	 2887.348683
228.515873 	 2904.249214
228.615873 	 2921.202319
228.715873 	 2938.208015
228.815873 	 2955.266317
228.915873 	 2972.377243
229.015873 	 2989.540808
229.115873 	 3006.757029
229.215873 	 3024.025922
229.315873 	 3041.347502
229.415873 	 3058.721786
229.515873 	 3076.148789
229.615873 	 3093.628528
229.715873 	 3111.161019
229.815873 	 3128.746276
229.915873 	 3146.384316
230.015873 	 3164.075154
230.115873 	 3181.818805
230.215873 	 3199.615286
230.315873 	 3217.464612
230.415873 	 3235.366798
230.515873 	 3253.321860
230.615873 	 3271.329812
230.715873 	 3289.390670
230.815873 	 3307.504449
230.915873 	 3325.671164
231.015873 	 3343.890830
231.115873 	 3362.163463
231.215873 	 3380.489076
231.315873 	 3398.867686
231.415873 	 3417.299306
231.515873 	 3435.783952
231.615873 	 3454.321638
231.715873 	 3472.912379
231.815873 	 3491.556190
231.915873 	 3510.253084
232.015873 	 3529.003077
232.115873 	 3547.806182
232.215873 	 3566.662415
232.315873 	 3585.571789
232.415873 	 3604.534319
232.515873 	 3623.550019
232.615873 	 3642.618903
232.715873 	 3661.740985
232.815873 	 3680.916280
232.915873 	 3700.144800
233.015873 	 3719.426561
233.115873 	 3738.761575
233.215873 	 3758.149857
233.315873 	 3777.591421
233.415873 	 3797.086279
233.515873 	 3816.634447
233.615873 	 3836.235937
233.715873 	 3855.890763
233.815873 	 3875.598938
233.915873 	 3895.360476
234.015873 	 3915.175390
234.115873 	 3935.043694
234.215873 	 3954.965400
234.315873 	 3974.940523
234.415873 	 3994.969074
234.515873 	 4015.051068
234.615873 	 4035.186517
234.715873 	 4055.375434
234.815873 	 4075.617832
234.915873 	 4095.913725
235.015873 	 4116.263124
235.115873 	 4136.666043
235.215873 	 4157.122495
235.315873 	 4177.632491
235.415873 	 4198.196046
235.515873 	 4218.813170
235.615873 	 4239.483878
235.715873 	 4260.208180
235.815873 	 4280.986091
235.915873 	 4301.817621
236.015873 	 4322.702784
236.115873 	 4343.641591
236.215873 	 4364.634056
236.315873 	 4385.680189
236.415873 	 4406.780003
236.515873 	 4427.933511
236.615873 	 4449.140723
236.715873 	 4470.401653
236.815873 	 4491.716311
236.915873 	 4513.084711
237.015873 	 4534.506863
237.115873 	 4555.982779
237.215873 	 4577.512472
237.315873 	 4599.095952
237.415873 	 4620.733232
237.515873 	 4642.424322
237.615873 	 4664.169235
237.715873 	 4685.967981
237.815873 	 4707.820573
237.915873 	 4729.727021
238.015873 	 4751.687337
238.115873 	 4773.701532
238.215873 	 4795.769618
238.315873 	 4817.891604
238.415873 	 4840.067504
238.515873 	 4862.297326
238.615873 	 4884.581084
238.715873 	 4906.918786
238.815873 	 4929.310445
238.915873 	 4951.756072
239.015873 	 4974.255676
239.115873 	 4996.809269
239.215873 	 5019.416862
239.315873 	 5042.078464
239.415873 	 5064.794088
239.515873 	 5087.563742
239.615873 	 5110.387439
239.715873 	 5133.265188
239.815873 	 5156.196999
239.915873 	 5179.182883
240.015873 	 5202.222851
240.115873 	 5225.316912
240.215873 	 5248.465078
240.315873 	 5271.667357
240.415873 	 5294.923760
240.515873 	 5318.234298
240.615873 	 5341.598979
240.715873 	 5365.017815
240.815873 	 5388.490815
240.915873 	 5412.017989
241.015873 	 5435.599347
241.115873 	 5459.234899
241.215873 	 5482.924654
241.315873 	 5506.668622
241.415873 	 5530.466813
241.515873 	 5554.319236
241.615873 	 5578.225901
241.715873 	 5602.186818
241.815873 	 5626.201996
241.915873 	 5650.271444
242.015873 	 5674.395171
242.115873 	 5698.573188
242.215873 	 5722.805503
242.315873 	 5747.092125
242.415873 	 5771.433065
242.515873 	 5795.828330
242.615873 	 5820.277930
242.715873 	 5844.781874
242.815873 	 5869.340172
242.915873 	 5893.952831
243.015873 	 5918.619861
243.115873 	 5943.341272
243.215873 	 5968.117070
243.315873 	 5992.947267
243.415873 	 6017.831869
243.515873 	 6042.770886
243.615873 	 6067.764327
243.715873 	 6092.812200
243.815873 	 6117.914514
243.915873 	 6143.071277
244.015873 	 6168.282497
244.115873 	 6193.548184
244.215873 	 6218.868345
244.315873 	 6244.242989
244.415873 	 6269.672125
244.515873 	 6295.155759
244.615873 	 6320.693901
244.715873 	 6346.286559
244.815873 	 6371.933741
244.915873 	 6397.635455
245.015873 	 6423.391709
245.115873 	 6449.202511
245.215873 	 6475.067868
245.315873 	 6500.987790
245.415873 	 6526.962283
245.515873 	 6552.991356
245.615873 	 6579.075016
245.715873 	 6605.213271
245.815873 	 6631.406129
245.915873 	 6657.653597
246.015873 	 6683.955684
246.115873 	 6710.312396
246.215873 	 6736.723740
246.315873 	 6763.189726
246.415873 	 6789.710359
246.515873 	 6816.285648
246.615873 	 6842.915600
246.715873 	 6869.600221
246.815873 	 6896.339520
246.915873 	 6923.133504
247.015873 	 6949.982179
247.115873 	 6976.885553
247.215873 	 7003.843633
247.315873 	 7030.856426
247.415873 	 7057.923939
247.515873 	 7085.046179
247.615873 	 7112.223153
247.715873 	 7139.454868
247.815873 	 7166.741330
247.915873 	 7194.082548
248.015873 	 7221.478526
248.115873 	 7248.929273
248.215873 	 7276.434794
248.315873 	 7303.995096
248.415873 	 7331.610187
248.515873 	 7359.280072
248.615873 	 7387.004758
248.715873 	 7414.784252
248.815873 	 7442.618560
248.915873 	 7470.507688
249.015873 	 7498.451643
249.115873 	 7526.450431
249.215873 	 7554.504059
249.315873 	 7582.612532
249.415873 	 7610.775858
249.515873 	 7638.994041
249.615873 	 7667.267088
249.715873 	 7695.595006
249.815873 	 7723.977800
249.915873 	 7752.415476
250.015873 	 7780.908041
250.115873 	 7809.455500
250.215873 	 7838.057859
250.315873 	 7866.715124
250.415873 	 7895.427300
250.515873 	 7924.194395
250.615873 	 7953.016413
250.715873 	 7981.893359
250.815873 	 8010.825241
250.915873 	 8039.812063
251.015873 	 8068.853830
251.115873 	 8097.950549
251.215873 	 8127.102225
251.315873 	 8156.308864
251.415873 	 8185.570470
251.515873 	 8214.887050
251.615873 	 8244.258608
251.715873 	 8273.685150
251.815873 	 8303.166681
251.915873 	 8332.703207
252.015873 	 8362.294733
252.115873 	 8391.941263
252.215873 	 8421.642803
252.315873 	 8451.399358
252.415873 	 8481.210934
252.515873 	 8511.077534
252.615873 	 8540.999164
252.715873 	 8570.975830
252.815873 	 8601.007536
252.915873 	 8631.094286
253.015873 	 8661.236086
253.115873 	 8691.432940
253.215873 	 8721.684854
253.315873 	 8751.991831
253.415873 	 8782.353877
253.515873 	 8812.770997
253.615873 	 8843.243194
253.715873 	 8873.770474
253.815873 	 8904.352840
253.915873 	 8934.990299
254.015873 	 8965.682853
254.115873 	 8996.430507
254.215873 	 9027.233267
254.315873 	 9058.091135
254.415873 	 9089.004117
254.515873 	 9119.972217
254.615873 	 9150.995438
254.715873 	 9182.073786
254.815873 	 9213.207264
254.915873 	 9244.395877
255.015873 	 9275.639629
255.115873 	 9306.938523
255.215873 	 9338.292564
255.315873 	 9369.701756
255.415873 	 9401.166102
255.515873 	 9432.685607
255.615873 	 9464.260275
255.715873 	 9495.890109
255.815873 	 9527.575113
255.915873 	 9559.315292
256.015873 	 9591.110648
256.115873 	 9622.961186
256.215873 	 9654.866909
256.315873 	 9686.827821
256.415873 	 9718.843926
256.515873 	 9750.915226
256.615873 	 9783.041726
256.715873 	 9815.223430
256.815873 	 9847.460340
256.915873 	 9879.752460
257.015873 	 9912.099794
257.115873 	 9944.502344
257.215873 	 9976.960115
257.315873 	 10009.473109
257.415873 	 10042.041331
257.515873 	 10074.664782
257.615873 	 10107.343467
257.715873 	 10140.077388
257.815873 	 10172.866548
257.915873 	 10205.710952
258.015873 	 10238.610601
258.115873 	 10271.565499
258.215873 	 10304.575649
258.315873 	 10337.641054
258.415873 	 10370.761717
258.515873 	 10403.937640
258.615873 	 10437.168827
258.715873 	 10470.455281
258.815873 	 10503.797004
258.915873 	 10537.193999
259.015873 	 10570.646268
259.115873 	 10604.153815
259.215873 	 10637.716643
259.315873 	 10671.334753
259.415873 	 10705.008148
259.515873 	 10738.736832
259.615873 	 10772.520807
259.715873 	 10806.360074
259.815873 	 10840.254637
259.915873 	 10874.204498
260.015873 	 10908.209660
260.115873 	 10942.270125
260.215873 	 10976.385895
260.315873 	 11010.556972
260.415873 	 11044.783360
260.515873 	 11079.065059
260.615873 	 11113.402073
260.715873 	 11147.794404
260.815873 	 11182.242054
260.915873 	 11216.745024
261.015873 	 11251.303318
261.115873 	 11285.916936
261.215873 	 11320.585882
261.315873 	 11355.310157
261.415873 	 11390.089763
261.515873 	 11424.924702
261.615873 	 11459.814977
261.715873 	 11494.760588
261.815873 	 11529.761538
261.915873 	 11564.817829
262.015873 	 11599.929462
262.115873 	 11635.096440
262.215873 	 11670.318763
262.315873 	 11705.596435
262.415873 	 11740.929455
262.515873 	 11776.317827
262.615873 	 11811.761551
262.715873 	 11847.260629
262.815873 	 11882.815063
262.915873 	 11918.424855
263.015873 	 11954.090005
263.115873 	 11989.810515
263.215873 	 12025.586387
263.315873 	 12061.417623
263.415873 	 12097.304222
263.515873 	 12133.246188
263.615873 	 12169.243521
263.715873 	 12205.296222
263.815873 	 12241.404293
263.915873 	 12277.567735
264.015873 	 12313.786549
264.115873 	 12350.060736
264.215873 	 12386.390298
264.315873 	 12422.775235
264.415873 	 12459.215549
264.515873 	 12495.711241
264.615873 	 12532.262312
264.715873 	 12568.868762
264.815873 	 12605.530593
264.915873 	 12642.247805
265.015873 	 12679.020400
265.115873 	 12715.848379
265.215873 	 12752.731742
265.315873 	 12789.670489
265.415873 	 12826.664623
265.515873 	 12863.714144
265.615873 	 12900.819051
265.715873 	 12937.979347
265.815873 	 12975.195032
265.915873 	 13012.466106
266.015873 	 13049.792571
266.115873 	 13087.174426
266.215873 	 13124.611672
266.315873 	 13162.104310
266.415873 	 13199.652340
266.515873 	 13237.255763
266.615873 	 13274.914579
266.715873 	 13312.628789
266.815873 	 13350.398393
266.915873 	 13388.223392
267.015873 	 13426.103785
267.115873 	 13464.039573
267.215873 	 13502.030757
267.315873 	 13540.077336
267.415873 	 13578.179312
267.515873 	 13616.336683
267.615873 	 13654.549451
267.715873 	 13692.817615
267.815873 	 13731.141175
267.915873 	 13769.520133
268.015873 	 13807.954487
268.115873 	 13846.444238
268.215873 	 13884.989385
268.315873 	 13923.589930
268.415873 	 13962.245871
268.515873 	 14000.957209
268.615873 	 14039.723943
268.715873 	 14078.546074
268.815873 	 14117.423602
268.915873 	 14156.356525
269.015873 	 14195.344845
269.115873 	 14234.388560
269.215873 	 14273.487671
269.315873 	 14312.642177
269.415873 	 14351.852078
269.515873 	 14391.117373
269.615873 	 14430.438063
269.715873 	 14469.814147
269.815873 	 14509.245624
269.915873 	 14548.732495
270.015873 	 14588.274757
270.115873 	 14627.872412
270.215873 	 14667.525459
270.315873 	 14707.233897
270.415873 	 14746.997725
270.515873 	 14786.816943
270.615873 	 14826.691550
270.715873 	 14866.621546
270.815873 	 14906.606930
270.915873 	 14946.647702
271.015873 	 14986.743860
271.115873 	 15026.895404
271.215873 	 15067.102333
271.315873 	 15107.364646
271.415873 	 15147.682343
271.515873 	 15188.055422
271.615873 	 15228.483883
271.715873 	 15268.967725
271.815873 	 15309.506947
271.915873 	 15350.101549
272.015873 	 15390.751528
272.115873 	 15431.456884
272.215873 	 15472.217617
272.315873 	 15513.033724
272.415873 	 15553.905205
272.515873 	 15594.832060
272.615873 	 15635.814286
272.715873 	 15676.851882
272.815873 	 15717.944849
272.915873 	 15759.093183
273.015873 	 15800.296885
273.115873 	 15841.555952
273.215873 	 15882.870384
273.315873 	 15924.240179
273.415873 	 15965.665336
273.515873 	 16007.145854
273.615873 	 16048.681731
273.715873 	 16090.272967
273.815873 	 16131.919558
273.915873 	 16173.621505
274.015873 	 16215.378805
274.115873 	 16257.191458
274.215873 	 16299.059461
274.315873 	 16340.982813
274.415873 	 16382.961513
274.515873 	 16424.995559
274.615873 	 16467.084950
274.715873 	 16509.229683
274.815873 	 16551.429757
274.915873 	 16593.685171
275.015873 	 16635.995923
275.115873 	 16678.362011
275.215873 	 16720.783433
275.315873 	 16763.260187
275.415873 	 16805.792273
275.515873 	 16848.379688
275.615873 	 16891.022430
275.715873 	 16933.720497
275.815873 	 16976.473887
275.915873 	 17019.282600
276.015873 	 17062.146632
276.115873 	 17105.065981
276.215873 	 17148.040647
276.315873 	 17191.070626
276.415873 	 17234.155917
276.515873 	 17277.296518
276.615873 	 17320.492426
276.715873 	 17363.743640
276.815873 	 17407.050158
276.915873 	 17450.411977
277.015873 	 17493.829095
277.115873 	 17537.301510
277.215873 	 17580.829220
277.315873 	 17624.412223
277.415873 	 17668.050516
277.515873 	 17711.744098
277.615873 	 17755.492965
277.715873 	 17799.297116
277.815873 	 17843.156548
277.915873 	 17887.071259
278.015873 	 17931.041247
278.115873 	 17975.066509
278.215873 	 18019.147043
278.315873 	 18063.282846
278.415873 	 18107.473916
278.515873 	 18151.720250
278.615873 	 18196.021847
278.715873 	 18240.378703
278.815873 	 18284.790815
278.915873 	 18329.258182
279.015873 	 18373.780801
279.115873 	 18418.358669
279.215873 	 18462.991783
279.315873 	 18507.680141
279.415873 	 18552.423740
279.515873 	 18597.222578
279.615873 	 18642.076652
279.715873 	 18686.985959
279.815873 	 18731.950496
279.915873 	 18776.970260
280.015873 	 18822.045250
280.115873 	 18867.175461
280.215873 	 18912.360891
280.315873 	 18957.601538
280.415873 	 19002.897398
280.515873 	 19048.248468
280.615873 	 19093.654746
280.715873 	 19139.116229
280.815873 	 19184.632913
280.915873 	 19230.204796
281.015873 	 19275.831874
281.115873 	 19321.514146
281.215873 	 19367.251606
281.315873 	 19413.044254
281.415873 	 19458.892085
281.515873 	 19504.795096
281.615873 	 19550.753284
281.715873 	 19596.766647
281.815873 	 19642.835180
281.915873 	 19688.958881
282.015873 	 19735.137747
282.115873 	 19781.371774
282.215873 	 19827.660959
282.315873 	 19874.005299
282.415873 	 19920.404790
282.515873 	 19966.859430
282.615873 	 20013.369215
282.715873 	 20059.934141
282.815873 	 20106.554205
282.915873 	 20153.229404
283.015873 	 20199.959735
283.115873 	 20246.745193
283.215873 	 20293.585776
283.315873 	 20340.481480
283.415873 	 20387.432302
283.515873 	 20434.438238
283.615873 	 20481.499284
283.715873 	 20528.615438
283.815873 	 20575.786695
283.915873 	 20623.013052
284.015873 	 20670.294505
284.115873 	 20717.631051
284.215873 	 20765.022686
284.315873 	 20812.469406
284.415873 	 20859.971208
284.515873 	 20907.528088
284.615873 	 20955.140043
284.715873 	 21002.807068
284.815873 	 21050.529160
284.915873 	 21098.306315
285.015873 	 21146.138529
285.115873 	 21194.025799
285.215873 	 21241.968121
285.315873 	 21289.965490
285.415873 	 21338.017903
285.515873 	 21386.125357
285.615873 	 21434.287847
285.715873 	 21482.505368
285.815873 	 21530.777919
285.915873 	 21579.105493
286.015873 	 21627.488088
286.115873 	 21675.925700
286.215873 	 21724.418324
286.315873 	 21772.965956
286.415873 	 21821.568593
286.515873 	 21870.226229
286.615873 	 21918.938863
286.715873 	 21967.706488
286.815873 	 22016.529101
286.915873 	 22065.406698
287.015873 	 22114.339275
287.115873 	 22163.326827
287.215873 	 22212.369350
287.315873 	 22261.466841
287.415873 	 22310.619295
287.515873 	 22359.826707
287.615873 	 22409.089074
287.715873 	 22458.406390
287.815873 	 22507.778653
287.915873 	 22557.205857
288.015873 	 22606.687998
288.115873 	 22656.225072
288.215873 	 22705.817075
288.315873 	 22755.464001
288.415873 	 22805.165847
288.515873 	 22854.922609
288.615873 	 22904.734281
288.715873 	 22954.600860
288.815873 	 23004.522340
288.915873 	 23054.498718
289.015873 	 23104.529989
289.115873 	 23154.616148
289.215873 	 23204.757191
289.315873 	 23254.953113
289.415873 	 23305.203910
289.515873 	 23355.509577
289.615873 	 23405.870110
289.715873 	 23456.285503
289.815873 	 23506.755753
289.915873 	 23557.280854
290.015873 	 23607.860802
290.115873 	 23658.495592
290.215873 	 23709.185220
290.315873 	 23759.929680
290.415873 	 23810.728969
290.515873 	 23861.583081
290.615873 	 23912.492011
290.715873 	 23963.455755
290.815873 	 24014.474308
290.915873 	 24065.547665
291.015873 	 24116.675821
291.115873 	 24167.858771
291.215873 	 24219.096511
291.315873 	 24270.389036
291.415873 	 24321.736340
291.515873 	 24373.138419
291.615873 	 24424.595268
291.715873 	 24476.106882
291.815873 	 24527.673255
291.915873 	 24579.294384
292.015873 	 24630.970262
292.115873 	 24682.700885
292.215873 	 24734.486248
292.315873 	 24786.326346
292.415873 	 24838.221173
292.515873 	 24890.170725
292.615873 	 24942.174997
292.715873 	 24994.233983
292.815873 	 25046.347678
292.915873 	 25098.516078
293.015873 	 25150.739176
293.115873 	 25203.016968
293.215873 	 25255.349449
293.315873 	 25307.736613
293.415873 	 25360.178455
